	plot1	plot2	lat1	lat2	long1	long2	dist
1	CM30b51	CM30b58	-0.631442670079029	-0.63214798450783	3.05603661365703	3.05523488270249	6097.68497851899
2	CM30b51	CM30b60	-0.631442670079029	-0.631512483249108	3.05603661365703	3.05614133341215	698.442553051132
3	CM30b51	CM30c	-0.631442670079029	-0.631879321961813	3.05603661365703	3.05542450399908	4200.5264623826
4	CM30b51	CM30c28	-0.631442670079029	-0.631844354988381	3.05603661365703	3.05538126870285	4231.26278176271
5	CM30b51	CM30c30	-0.631442670079029	-0.631833155385104	3.05603661365703	3.0555743073541	3440.8681701013
6	CM30b51	CM30c35	-0.631442670079029	-0.631923972720067	3.05603661365703	3.05527989125324	4953.87000942902
7	CM30b51	CM30c37	-0.631442670079029	-0.631921129753248	3.05603661365703	3.05547238361645	4208.09544783053
8	CM30b51	CM30c39	-0.631442670079029	-0.631917920965419	3.05603661365703	3.0556668063138	3575.34371464672
9	CM30b51	CM30c44	-0.631442670079029	-0.632002277789622	3.05603661365703	3.05538288662306	4899.81619224962
10	CM30b51	CM30c46	-0.631442670079029	-0.631995644316734	3.05603661365703	3.0555756791829	4245.92553635273
11	CM30b51	CM30c51	-0.631442670079029	-0.632082163778414	3.05603661365703	3.05528422316045	5618.07924424831
12	CM30b51	CM30c53	-0.631442670079029	-0.632071728280283	3.05603661365703	3.05547906124616	4927.38269214081
13	CM30b51	CM30c60	-0.631442670079029	-0.632158008980922	3.05603661365703	3.05538386575277	5659.69345025805
14	CM30b51	CM30c62	-0.631442670079029	-0.63214505793974	3.05603661365703	3.05557806679331	5057.92126227654
15	CM30b51	CM30d12	-0.631442670079029	-0.6316718243049	3.05603661365703	3.05614667761032	1565.80297301437
16	CM30b51	CM30d3	-0.631442670079029	-0.631594282293293	3.05603661365703	3.05604717813499	967.447877608857
17	CM30b51	CM31a5	-0.631442670079029	-0.632214390097078	3.05603661365703	3.05548980374771	5663.5690529323
18	CM30b51	LB1	-0.631442670079029	-0.631794998124332	3.05603661365703	3.05564278883796	3023.1094073741
19	CM30b51	LB5	-0.631442670079029	-0.631692756038619	3.05603661365703	3.05592190363727	1698.97453338844
20	CM30b51	Plot01	-0.631442670079029	-0.632239483393866	3.05603661365703	3.05554503818255	5670.76486221358
21	CM30b51	Plot02	-0.631442670079029	-0.632129024123501	3.05603661365703	3.05555423083172	5027.09178826887
22	CM30b51	Plot03	-0.631442670079029	-0.632101964538778	3.05603661365703	3.05561148810316	4735.00894061969
23	CM30b51	Plot04	-0.631442670079029	-0.632033692319895	3.05603661365703	3.05562753989629	4312.9776961114
24	CM30b51	Plot05	-0.631442670079029	-0.632077792775835	3.05603661365703	3.05564125818421	4528.21802591497
25	CM30b51	Plot06	-0.631442670079029	-0.632045028582452	3.05603661365703	3.05565155737213	4318.18045041354
26	CM30b51	Plot07	-0.631442670079029	-0.632014787960635	3.05603661365703	3.05570230980145	4029.89424526253
27	CM30b51	Plot08	-0.631442670079029	-0.631984535645111	3.05603661365703	3.05570472010114	3850.9441629642
28	CM30b58	CM30b58	-0.63214798450783	-0.63214798450783	3.05523488270249	3.05523488270249	0
29	CM30b58	CM30b60	-0.63214798450783	-0.631512483249108	3.05523488270249	3.05614133341215	6173.27643724673
30	CM30b58	CM30c	-0.63214798450783	-0.631879321961813	3.05523488270249	3.05542450399908	1969.72851901481
31	CM30b58	CM30c28	-0.63214798450783	-0.631844354988381	3.05523488270249	3.05538126870285	2075.62855463066
32	CM30b58	CM30c30	-0.63214798450783	-0.631833155385104	3.05523488270249	3.0555743073541	2658.47014773744
33	CM30b58	CM30c35	-0.63214798450783	-0.631923972720067	3.05523488270249	3.05527989125324	1445.80989734895
34	CM30b58	CM30c37	-0.63214798450783	-0.631921129753248	3.05523488270249	3.05547238361645	1891.89893870974
35	CM30b58	CM30c39	-0.63214798450783	-0.631917920965419	3.05523488270249	3.0556668063138	2660.40329674905
36	CM30b58	CM30c44	-0.63214798450783	-0.632002277789622	3.05523488270249	3.05538288662306	1200.20585536123
37	CM30b58	CM30c46	-0.63214798450783	-0.631995644316734	3.05523488270249	3.0555756791829	2002.64899220852
38	CM30b58	CM30c51	-0.63214798450783	-0.632082163778414	3.05523488270249	3.05528422316045	490.068475664766
39	CM30b58	CM30c53	-0.63214798450783	-0.632071728280283	3.05523488270249	3.05547906124616	1345.82949709985
40	CM30b58	CM30c60	-0.63214798450783	-0.632158008980922	3.05523488270249	3.05538386575277	768.409248168617
41	CM30b58	CM30c62	-0.63214798450783	-0.63214505793974	3.05523488270249	3.05557806679331	1764.02171456744
42	CM30b58	CM30d12	-0.63214798450783	-0.6316718243049	3.05523488270249	3.05614667761032	5583.35292663092
43	CM30b58	CM30d3	-0.63214798450783	-0.631594282293293	3.05523488270249	3.05604717813499	5466.50554860218
44	CM30b58	CM31a5	-0.63214798450783	-0.632214390097078	3.05523488270249	3.05548980374771	1376.8398852917
45	CM30b58	LB1	-0.63214798450783	-0.631794998124332	3.05523488270249	3.05564278883796	3074.77569507125
46	CM30b58	LB5	-0.63214798450783	-0.631692756038619	3.05523488270249	3.05592190363727	4570.01363432077
47	CM30b58	Plot01	-0.63214798450783	-0.632239483393866	3.05523488270249	3.05554503818255	1697.34778966833
48	CM30b58	Plot02	-0.63214798450783	-0.632129024123501	3.05523488270249	3.05555423083172	1645.85783859921
49	CM30b58	Plot03	-0.63214798450783	-0.632101964538778	3.05523488270249	3.05561148810316	1957.81319104813
50	CM30b58	Plot04	-0.63214798450783	-0.632033692319895	3.05523488270249	3.05562753989629	2145.62557553913
51	CM30b58	Plot05	-0.63214798450783	-0.632077792775835	3.05523488270249	3.05564125818421	2136.10445153977
52	CM30b58	Plot06	-0.63214798450783	-0.632045028582452	3.05523488270249	3.05565155737213	2239.92666672826
53	CM30b58	Plot07	-0.63214798450783	-0.632014787960635	3.05523488270249	3.05570230980145	2548.08766383093
54	CM30b58	Plot08	-0.63214798450783	-0.631984535645111	3.05523488270249	3.05570472010114	2629.98610530329
55	CM30b60	CM30b58	-0.631512483249108	-0.63214798450783	3.05614133341215	3.05523488270249	6173.27643724673
56	CM30b60	CM30b60	-0.631512483249108	-0.631512483249108	3.05614133341215	3.05614133341215	0
57	CM30b60	CM30c	-0.631512483249108	-0.631879321961813	3.05614133341215	3.05542450399908	4364.17617230608
58	CM30b60	CM30c28	-0.631512483249108	-0.631844354988381	3.05614133341215	3.05538126870285	4443.28411648104
59	CM30b60	CM30c30	-0.631512483249108	-0.631833155385104	3.05614133341215	3.0555743073541	3560.01790650789
60	CM30b60	CM30c35	-0.631512483249108	-0.631923972720067	3.05614133341215	3.05527989125324	5146.80953504294
61	CM30b60	CM30c37	-0.631512483249108	-0.631921129753248	3.05614133341215	3.05547238361645	4313.65444384036
62	CM30b60	CM30c39	-0.631512483249108	-0.631917920965419	3.05614133341215	3.0556668063138	3553.11708303658
63	CM30b60	CM30c44	-0.631512483249108	-0.632002277789622	3.05614133341215	3.05538288662306	4994.29390379585
64	CM30b60	CM30c46	-0.631512483249108	-0.631995644316734	3.05614133341215	3.0555756791829	4234.76309549586
65	CM30b60	CM30c51	-0.631512483249108	-0.632082163778414	3.05614133341215	3.05528422316045	5708.81902853978
66	CM30b60	CM30c53	-0.631512483249108	-0.632071728280283	3.05614133341215	3.05547906124616	4928.26694545577
67	CM30b60	CM30c60	-0.631512483249108	-0.632158008980922	3.05614133341215	3.05538386575277	5663.7841224329
68	CM30b60	CM30c62	-0.631512483249108	-0.63214505793974	3.05614133341215	3.05557806679331	4962.61960485172
69	CM30b60	CM30d12	-0.631512483249108	-0.6316718243049	3.05614133341215	3.05614667761032	1015.53372500512
70	CM30b60	CM30d3	-0.631512483249108	-0.631594282293293	3.05614133341215	3.05604717813499	711.334073287771
71	CM30b60	CM31a5	-0.631512483249108	-0.632214390097078	3.05614133341215	3.05548980374771	5587.16477377999
72	CM30b60	LB1	-0.631512483249108	-0.631794998124332	3.05614133341215	3.05564278883796	3132.18305001932
73	CM30b60	LB5	-0.631512483249108	-0.631692756038619	3.05614133341215	3.05592190363727	1610.01031350848
74	CM30b60	Plot01	-0.631512483249108	-0.632239483393866	3.05614133341215	3.05554503818255	5554.28103352913
75	CM30b60	Plot02	-0.631512483249108	-0.632129024123501	3.05614133341215	3.05555423083172	4953.73582138414
76	CM30b60	Plot03	-0.631512483249108	-0.632101964538778	3.05614133341215	3.05561148810316	4639.4696003458
77	CM30b60	Plot04	-0.631512483249108	-0.632033692319895	3.05614133341215	3.05562753989629	4243.15405895632
78	CM30b60	Plot05	-0.631512483249108	-0.632077792775835	3.05614133341215	3.05564125818421	4425.08685105551
79	CM30b60	Plot06	-0.631512483249108	-0.632045028582452	3.05614133341215	3.05565155737213	4225.16965306017
80	CM30b60	Plot07	-0.631512483249108	-0.632014787960635	3.05614133341215	3.05570230980145	3916.11278313942
81	CM30b60	Plot08	-0.631512483249108	-0.631984535645111	3.05614133341215	3.05570472010114	3752.84154030241
82	CM30c	CM30b58	-0.631879321961813	-0.63214798450783	3.05542450399908	3.05523488270249	1969.72851901481
83	CM30c	CM30b60	-0.631879321961813	-0.631512483249108	3.05542450399908	3.05614133341215	4364.17617230608
84	CM30c	CM30c	-0.631879321961813	-0.631879321961813	3.05542450399908	3.05542450399908	0
85	CM30c	CM30c28	-0.631879321961813	-0.631844354988381	3.05542450399908	3.05538126870285	314.694477534209
86	CM30c	CM30c30	-0.631879321961813	-0.631833155385104	3.05542450399908	3.0555743073541	824.389112373041
87	CM30c	CM30c35	-0.631879321961813	-0.631923972720067	3.05542450399908	3.05527989125324	795.992080621323
88	CM30c	CM30c37	-0.631879321961813	-0.631921129753248	3.05542450399908	3.05547238361645	362.672020286755
89	CM30c	CM30c39	-0.631879321961813	-0.631917920965419	3.05542450399908	3.0556668063138	1269.67195748694
90	CM30c	CM30c44	-0.631879321961813	-0.632002277789622	3.05542450399908	3.05538288662306	812.040735211006
91	CM30c	CM30c46	-0.631879321961813	-0.631995644316734	3.05542450399908	3.0555756791829	1073.853444139
92	CM30c	CM30c51	-0.631879321961813	-0.632082163778414	3.05542450399908	3.05528422316045	1479.88424083951
93	CM30c	CM30c53	-0.631879321961813	-0.632071728280283	3.05542450399908	3.05547906124616	1257.49349672834
94	CM30c	CM30c60	-0.631879321961813	-0.632158008980922	3.05542450399908	3.05538386575277	1787.76135162661
95	CM30c	CM30c62	-0.631879321961813	-0.63214505793974	3.05542450399908	3.05557806679331	1867.98529319885
96	CM30c	CM30d12	-0.631879321961813	-0.6316718243049	3.05542450399908	3.05614667761032	3941.21173399712
97	CM30c	CM30d3	-0.631879321961813	-0.631594282293293	3.05542450399908	3.05604717813499	3680.61767876048
98	CM30c	CM31a5	-0.631879321961813	-0.632214390097078	3.05542450399908	3.05548980374771	2160.94683439497
99	CM30c	LB1	-0.631879321961813	-0.631794998124332	3.05542450399908	3.05564278883796	1244.17451112006
100	CM30c	LB5	-0.631879321961813	-0.631692756038619	3.05542450399908	3.05592190363727	2819.9835452423
101	CM30c	Plot01	-0.631879321961813	-0.632239483393866	3.05542450399908	3.05554503818255	2376.76322346959
102	CM30c	Plot02	-0.631879321961813	-0.632129024123501	3.05542450399908	3.05555423083172	1724.96358783601
103	CM30c	Plot03	-0.631879321961813	-0.632101964538778	3.05542450399908	3.05561148810316	1713.44470284175
104	CM30c	Plot04	-0.631879321961813	-0.632033692319895	3.05542450399908	3.05562753989629	1434.09200631243
105	CM30c	Plot05	-0.631879321961813	-0.632077792775835	3.05542450399908	3.05564125818421	1685.33476761226
106	CM30c	Plot06	-0.631879321961813	-0.632045028582452	3.05542450399908	3.05565155737213	1573.80278906089
107	CM30c	Plot07	-0.631879321961813	-0.632014787960635	3.05542450399908	3.05570230980145	1668.62784379497
108	CM30c	Plot08	-0.631879321961813	-0.631984535645111	3.05542450399908	3.05570472010114	1588.82657871278
109	CM30c28	CM30b58	-0.631844354988381	-0.63214798450783	3.05538126870285	3.05523488270249	2075.62855463066
110	CM30c28	CM30b60	-0.631844354988381	-0.631512483249108	3.05538126870285	3.05614133341215	4443.28411648104
111	CM30c28	CM30c	-0.631844354988381	-0.631879321961813	3.05538126870285	3.05542450399908	314.694477534209
112	CM30c28	CM30c28	-0.631844354988381	-0.631844354988381	3.05538126870285	3.05538126870285	0
113	CM30c28	CM30c30	-0.631844354988381	-0.631833155385104	3.05538126870285	3.0555743073541	994.979799650109
114	CM30c28	CM30c35	-0.631844354988381	-0.631923972720067	3.05538126870285	3.05527989125324	727.263772524093
115	CM30c28	CM30c37	-0.631844354988381	-0.631921129753248	3.05538126870285	3.05547238361645	677.242773221165
116	CM30c28	CM30c39	-0.631844354988381	-0.631917920965419	3.05538126870285	3.0556668063138	1540.92081246064
117	CM30c28	CM30c44	-0.631844354988381	-0.632002277789622	3.05538126870285	3.05538288662306	1006.16054397414
118	CM30c28	CM30c46	-0.631844354988381	-0.631995644316734	3.05538126870285	3.0555756791829	1388.47298227443
119	CM30c28	CM30c51	-0.631844354988381	-0.632082163778414	3.05538126870285	3.05528422316045	1595.09778297474
120	CM30c28	CM30c53	-0.631844354988381	-0.632071728280283	3.05538126870285	3.05547906124616	1533.34480985084
121	CM30c28	CM30c60	-0.631844354988381	-0.632158008980922	3.05538126870285	3.05538386575277	1998.3341792819
122	CM30c28	CM30c62	-0.631844354988381	-0.63214505793974	3.05538126870285	3.05557806679331	2166.47234546626
123	CM30c28	CM30d12	-0.631844354988381	-0.6316718243049	3.05538126870285	3.05614667761032	4085.85587265726
124	CM30c28	CM30d3	-0.631844354988381	-0.631594282293293	3.05538126870285	3.05604717813499	3776.30387530957
125	CM30c28	CM31a5	-0.631844354988381	-0.632214390097078	3.05538126870285	3.05548980374771	2422.60886722772
126	CM30c28	LB1	-0.631844354988381	-0.631794998124332	3.05538126870285	3.05564278883796	1380.78495949487
127	CM30c28	LB5	-0.631844354988381	-0.631692756038619	3.05538126870285	3.05592190363727	2942.58750731786
128	CM30c28	Plot01	-0.631844354988381	-0.632239483393866	3.05538126870285	3.05554503818255	2654.38809294693
129	CM30c28	Plot02	-0.631844354988381	-0.632129024123501	3.05538126870285	3.05555423083172	2019.84049013654
130	CM30c28	Plot03	-0.631844354988381	-0.632101964538778	3.05538126870285	3.05561148810316	2023.41025137053
131	CM30c28	Plot04	-0.631844354988381	-0.632033692319895	3.05538126870285	3.05562753989629	1748.66438080079
132	CM30c28	Plot05	-0.631844354988381	-0.632077792775835	3.05538126870285	3.05564125818421	1999.51938642789
133	CM30c28	Plot06	-0.631844354988381	-0.632045028582452	3.05538126870285	3.05565155737213	1888.15415982883
134	CM30c28	Plot07	-0.631844354988381	-0.632014787960635	3.05538126870285	3.05570230980145	1975.53914367139
135	CM30c28	Plot08	-0.631844354988381	-0.631984535645111	3.05538126870285	3.05570472010114	1887.44693463583
136	CM30c30	CM30b58	-0.631833155385104	-0.63214798450783	3.0555743073541	3.05523488270249	2658.47014773744
137	CM30c30	CM30b60	-0.631833155385104	-0.631512483249108	3.0555743073541	3.05614133341215	3560.01790650789
138	CM30c30	CM30c	-0.631833155385104	-0.631879321961813	3.0555743073541	3.05542450399908	824.389112373041
139	CM30c30	CM30c28	-0.631833155385104	-0.631844354988381	3.0555743073541	3.05538126870285	994.979799650109
140	CM30c30	CM30c30	-0.631833155385104	-0.631833155385104	3.0555743073541	3.0555743073541	0
141	CM30c30	CM30c35	-0.631833155385104	-0.631923972720067	3.0555743073541	3.05527989125324	1620.38108661318
142	CM30c30	CM30c37	-0.631833155385104	-0.631921129753248	3.0555743073541	3.05547238361645	767.265687098566
143	CM30c30	CM30c39	-0.631833155385104	-0.631917920965419	3.0555743073541	3.0556668063138	719.563155407351
144	CM30c30	CM30c44	-0.631833155385104	-0.632002277789622	3.0555743073541	3.05538288662306	1459.21281809466
145	CM30c30	CM30c46	-0.631833155385104	-0.631995644316734	3.0555743073541	3.0555756791829	1035.24100413947
146	CM30c30	CM30c51	-0.631833155385104	-0.632082163778414	3.0555743073541	3.05528422316045	2177.25816012822
147	CM30c30	CM30c53	-0.631833155385104	-0.632071728280283	3.0555743073541	3.05547906124616	1596.86316801108
148	CM30c30	CM30c60	-0.631833155385104	-0.632158008980922	3.0555743073541	3.05538386575277	2289.49126827786
149	CM30c30	CM30c62	-0.631833155385104	-0.63214505793974	3.0555743073541	3.05557806679331	1987.22514456109
150	CM30c30	CM30d12	-0.631833155385104	-0.6316718243049	3.0555743073541	3.05614667761032	3117.09682085244
151	CM30c30	CM30d3	-0.631833155385104	-0.631594282293293	3.0555743073541	3.05604717813499	2868.29513351262
152	CM30c30	CM31a5	-0.631833155385104	-0.632214390097078	3.0555743073541	3.05548980374771	2467.38281337615
153	CM30c30	LB1	-0.631833155385104	-0.631794998124332	3.0555743073541	3.05564278883796	427.846003476265
154	CM30c30	LB5	-0.631833155385104	-0.631692756038619	3.0555743073541	3.05592190363727	1998.4592538708
155	CM30c30	Plot01	-0.631833155385104	-0.632239483393866	3.0555743073541	3.05554503818255	2593.0840729405
156	CM30c30	Plot02	-0.631833155385104	-0.632129024123501	3.0555743073541	3.05555423083172	1887.8028270725
157	CM30c30	Plot03	-0.631833155385104	-0.632101964538778	3.0555743073541	3.05561148810316	1723.21542337005
158	CM30c30	Plot04	-0.631833155385104	-0.632033692319895	3.0555743073541	3.05562753989629	1306.598623905
159	CM30c30	Plot05	-0.631833155385104	-0.632077792775835	3.0555743073541	3.05564125818421	1596.13206249026
160	CM30c30	Plot06	-0.631833155385104	-0.632045028582452	3.0555743073541	3.05565155737213	1407.04658528606
161	CM30c30	Plot07	-0.631833155385104	-0.632014787960635	3.0555743073541	3.05570230980145	1331.18872941012
162	CM30c30	Plot08	-0.631833155385104	-0.631984535645111	3.0555743073541	3.05570472010114	1174.57096415286
163	CM30c35	CM30b58	-0.631923972720067	-0.63214798450783	3.05527989125324	3.05523488270249	1445.80989734895
164	CM30c35	CM30b60	-0.631923972720067	-0.631512483249108	3.05527989125324	3.05614133341215	5146.80953504294
165	CM30c35	CM30c	-0.631923972720067	-0.631879321961813	3.05527989125324	3.05542450399908	795.992080621323
166	CM30c35	CM30c28	-0.631923972720067	-0.631844354988381	3.05527989125324	3.05538126870285	727.263772524093
167	CM30c35	CM30c30	-0.631923972720067	-0.631833155385104	3.05527989125324	3.0555743073541	1620.38108661318
168	CM30c35	CM30c35	-0.631923972720067	-0.631923972720067	3.05527989125324	3.05527989125324	0
169	CM30c35	CM30c37	-0.631923972720067	-0.631921129753248	3.05527989125324	3.05547238361645	989.714622323185
170	CM30c35	CM30c39	-0.631923972720067	-0.631917920965419	3.05527989125324	3.0556668063138	1989.39703081472
171	CM30c35	CM30c44	-0.631923972720067	-0.632002277789622	3.05527989125324	3.05538288662306	727.464630292377
172	CM30c35	CM30c46	-0.631923972720067	-0.631995644316734	3.05527989125324	3.0555756791829	1587.60350018934
173	CM30c35	CM30c51	-0.631923972720067	-0.632082163778414	3.05527989125324	3.05528422316045	1008.08120267709
174	CM30c35	CM30c53	-0.631923972720067	-0.632071728280283	3.05527989125324	3.05547906124616	1390.80874480039
175	CM30c35	CM30c60	-0.631923972720067	-0.632158008980922	3.05527989125324	3.05538386575277	1583.9380440821
176	CM30c35	CM30c62	-0.631923972720067	-0.63214505793974	3.05527989125324	3.05557806679331	2081.62666163127
177	CM30c35	CM30d12	-0.631923972720067	-0.6316718243049	3.05527989125324	3.05614667761032	4737.0184263736
178	CM30c35	CM30d3	-0.631923972720067	-0.631594282293293	3.05527989125324	3.05604717813499	4469.22548415498
179	CM30c35	CM31a5	-0.631923972720067	-0.632214390097078	3.05527989125324	3.05548980374771	2141.87543442304
180	CM30c35	LB1	-0.631923972720067	-0.631794998124332	3.05527989125324	3.05564278883796	2038.57774195736
181	CM30c35	LB5	-0.631923972720067	-0.631692756038619	3.05527989125324	3.05592190363727	3614.47902085185
182	CM30c35	Plot01	-0.631923972720067	-0.632239483393866	3.05527989125324	3.05554503818255	2428.58730709808
183	CM30c35	Plot02	-0.631923972720067	-0.632129024123501	3.05527989125324	3.05555423083172	1922.312416251
184	CM30c35	Plot03	-0.631923972720067	-0.632101964538778	3.05527989125324	3.05561148810316	2047.2802404615
185	CM30c35	Plot04	-0.631923972720067	-0.632033692319895	3.05527989125324	3.05562753989629	1918.93826342856
186	CM30c35	Plot05	-0.631923972720067	-0.632077792775835	3.05527989125324	3.05564125818421	2100.23203532237
187	CM30c35	Plot06	-0.631923972720067	-0.632045028582452	3.05527989125324	3.05565155737213	2060.33970937292
188	CM30c35	Plot07	-0.631923972720067	-0.632014787960635	3.05527989125324	3.05570230980145	2247.22002442566
189	CM30c35	Plot08	-0.631923972720067	-0.631984535645111	3.05527989125324	3.05570472010114	2217.69811966841
190	CM30c37	CM30b58	-0.631921129753248	-0.63214798450783	3.05547238361645	3.05523488270249	1891.89893870974
191	CM30c37	CM30b60	-0.631921129753248	-0.631512483249108	3.05547238361645	3.05614133341215	4313.65444384036
192	CM30c37	CM30c	-0.631921129753248	-0.631879321961813	3.05547238361645	3.05542450399908	362.672020286755
193	CM30c37	CM30c28	-0.631921129753248	-0.631844354988381	3.05547238361645	3.05538126870285	677.242773221165
194	CM30c37	CM30c30	-0.631921129753248	-0.631833155385104	3.05547238361645	3.0555743073541	767.265687098566
195	CM30c37	CM30c35	-0.631921129753248	-0.631923972720067	3.05547238361645	3.05527989125324	989.714622323185
196	CM30c37	CM30c37	-0.631921129753248	-0.631921129753248	3.05547238361645	3.05547238361645	0
197	CM30c37	CM30c39	-0.631921129753248	-0.631917920965419	3.05547238361645	3.0556668063138	999.683438302117
198	CM30c37	CM30c44	-0.631921129753248	-0.632002277789622	3.05547238361645	3.05538288662306	692.057278487355
199	CM30c37	CM30c46	-0.631921129753248	-0.631995644316734	3.05547238361645	3.0555756791829	712.271791904727
200	CM30c37	CM30c51	-0.631921129753248	-0.632082163778414	3.05547238361645	3.05528422316045	1409.99667051183
201	CM30c37	CM30c53	-0.631921129753248	-0.632071728280283	3.05547238361645	3.05547906124616	960.077045510066
202	CM30c37	CM30c60	-0.631921129753248	-0.632158008980922	3.05547238361645	3.05538386575277	1576.25737656696
203	CM30c37	CM30c62	-0.631921129753248	-0.63214505793974	3.05547238361645	3.05557806679331	1526.57575992082
204	CM30c37	CM30d12	-0.631921129753248	-0.6316718243049	3.05547238361645	3.05614667761032	3813.21527113562
205	CM30c37	CM30d3	-0.631921129753248	-0.631594282293293	3.05547238361645	3.05604717813499	3615.16858822515
206	CM30c37	CM31a5	-0.631921129753248	-0.632214390097078	3.05547238361645	3.05548980374771	1870.50611016552
207	CM30c37	LB1	-0.631921129753248	-0.631794998124332	3.05547238361645	3.05564278883796	1188.78325753839
208	CM30c37	LB5	-0.631921129753248	-0.631692756038619	3.05547238361645	3.05592190363727	2730.91401354788
209	CM30c37	Plot01	-0.631921129753248	-0.632239483393866	3.05547238361645	3.05554503818255	2062.32603073645
210	CM30c37	Plot02	-0.631921129753248	-0.632129024123501	3.05547238361645	3.05555423083172	1389.71002475049
211	CM30c37	Plot03	-0.631921129753248	-0.632101964538778	3.05547238361645	3.05561148810316	1355.96005613398
212	CM30c37	Plot04	-0.631921129753248	-0.632033692319895	3.05547238361645	3.05562753989629	1072.57734962318
213	CM30c37	Plot05	-0.631921129753248	-0.632077792775835	3.05547238361645	3.05564125818421	1322.79245418626
214	CM30c37	Plot06	-0.631921129753248	-0.632045028582452	3.05547238361645	3.05565155737213	1213.01466789475
215	CM30c37	Plot07	-0.631921129753248	-0.632014787960635	3.05547238361645	3.05570230980145	1324.02555019592
216	CM30c37	Plot08	-0.631921129753248	-0.631984535645111	3.05547238361645	3.05570472010114	1260.81489216942
217	CM30c39	CM30b58	-0.631917920965419	-0.63214798450783	3.0556668063138	3.05523488270249	2660.40329674905
218	CM30c39	CM30b60	-0.631917920965419	-0.631512483249108	3.0556668063138	3.05614133341215	3553.11708303658
219	CM30c39	CM30c	-0.631917920965419	-0.631879321961813	3.0556668063138	3.05542450399908	1269.67195748694
220	CM30c39	CM30c28	-0.631917920965419	-0.631844354988381	3.0556668063138	3.05538126870285	1540.92081246064
221	CM30c39	CM30c30	-0.631917920965419	-0.631833155385104	3.0556668063138	3.0555743073541	719.563155407351
222	CM30c39	CM30c35	-0.631917920965419	-0.631923972720067	3.0556668063138	3.05527989125324	1989.39703081472
223	CM30c39	CM30c37	-0.631917920965419	-0.631921129753248	3.0556668063138	3.05547238361645	999.683438302117
224	CM30c39	CM30c39	-0.631917920965419	-0.631917920965419	3.0556668063138	3.0556668063138	0
225	CM30c39	CM30c44	-0.631917920965419	-0.632002277789622	3.0556668063138	3.05538288662306	1555.31691493737
226	CM30c39	CM30c46	-0.631917920965419	-0.631995644316734	3.0556668063138	3.0555756791829	681.646121496123
227	CM30c39	CM30c51	-0.631917920965419	-0.632082163778414	3.0556668063138	3.05528422316045	2227.69125042283
228	CM30c39	CM30c53	-0.631917920965419	-0.632071728280283	3.0556668063138	3.05547906124616	1375.36236301912
229	CM30c39	CM30c60	-0.631917920965419	-0.632158008980922	3.0556668063138	3.05538386575277	2110.67337414765
230	CM30c39	CM30c62	-0.631917920965419	-0.63214505793974	3.0556668063138	3.05557806679331	1517.28042236304
231	CM30c39	CM30d12	-0.631917920965419	-0.6316718243049	3.0556668063138	3.05614667761032	2923.16636840464
232	CM30c39	CM30d3	-0.631917920965419	-0.631594282293293	3.0556668063138	3.05604717813499	2841.81252276097
233	CM30c39	CM31a5	-0.631917920965419	-0.632214390097078	3.0556668063138	3.05548980374771	2096.51243257451
234	CM30c39	LB1	-0.631917920965419	-0.631794998124332	3.0556668063138	3.05564278883796	792.815283975937
235	CM30c39	LB5	-0.631917920965419	-0.631692756038619	3.0556668063138	3.05592190363727	1943.67830566693
236	CM30c39	Plot01	-0.631917920965419	-0.632239483393866	3.0556668063138	3.05554503818255	2142.15357147525
237	CM30c39	Plot02	-0.631917920965419	-0.632129024123501	3.0556668063138	3.05555423083172	1464.14641486073
238	CM30c39	Plot03	-0.631917920965419	-0.632101964538778	3.0556668063138	3.05561148810316	1206.52922830004
239	CM30c39	Plot04	-0.631917920965419	-0.632033692319895	3.0556668063138	3.05562753989629	764.700281783162
240	CM30c39	Plot05	-0.631917920965419	-0.632077792775835	3.0556668063138	3.05564125818421	1026.97499065878
241	CM30c39	Plot06	-0.631917920965419	-0.632045028582452	3.0556668063138	3.05565155737213	813.587633377292
242	CM30c39	Plot07	-0.631917920965419	-0.632014787960635	3.0556668063138	3.05570230980145	643.560660892427
243	CM30c39	Plot08	-0.631917920965419	-0.631984535645111	3.0556668063138	3.05570472010114	467.015166302284
244	CM30c44	CM30b58	-0.632002277789622	-0.63214798450783	3.05538288662306	3.05523488270249	1200.20585536123
245	CM30c44	CM30b60	-0.632002277789622	-0.631512483249108	3.05538288662306	3.05614133341215	4994.29390379585
246	CM30c44	CM30c	-0.632002277789622	-0.631879321961813	3.05538288662306	3.05542450399908	812.040735211006
247	CM30c44	CM30c28	-0.632002277789622	-0.631844354988381	3.05538288662306	3.05538126870285	1006.16054397414
248	CM30c44	CM30c30	-0.632002277789622	-0.631833155385104	3.05538288662306	3.0555743073541	1459.21281809466
249	CM30c44	CM30c35	-0.632002277789622	-0.631923972720067	3.05538288662306	3.05527989125324	727.464630292377
250	CM30c44	CM30c37	-0.632002277789622	-0.631921129753248	3.05538288662306	3.05547238361645	692.057278487355
251	CM30c44	CM30c39	-0.632002277789622	-0.631917920965419	3.05538288662306	3.0556668063138	1555.31691493737
252	CM30c44	CM30c44	-0.632002277789622	-0.632002277789622	3.05538288662306	3.05538288662306	0
253	CM30c44	CM30c46	-0.632002277789622	-0.631995644316734	3.05538288662306	3.0555756791829	991.937356215358
254	CM30c44	CM30c51	-0.632002277789622	-0.632082163778414	3.05538288662306	3.05528422316045	718.499530829847
255	CM30c44	CM30c53	-0.632002277789622	-0.632071728280283	3.05538288662306	3.05547906124616	663.457444735073
256	CM30c44	CM30c60	-0.632002277789622	-0.632158008980922	3.05538288662306	3.05538386575277	992.176184500387
257	CM30c44	CM30c62	-0.632002277789622	-0.63214505793974	3.05538288662306	3.05557806679331	1354.248204721
258	CM30c44	CM30d12	-0.632002277789622	-0.6316718243049	3.05538288662306	3.05614667761032	4455.46629622741
259	CM30c44	CM30d3	-0.632002277789622	-0.631594282293293	3.05538288662306	3.05604717813499	4291.90719475459
260	CM30c44	CM31a5	-0.632002277789622	-0.632214390097078	3.05538288662306	3.05548980374771	1458.8371806985
261	CM30c44	LB1	-0.632002277789622	-0.631794998124332	3.05538288662306	3.05564278883796	1878.59278320061
262	CM30c44	LB5	-0.632002277789622	-0.631692756038619	3.05538288662306	3.05592190363727	3401.11131171866
263	CM30c44	Plot01	-0.632002277789622	-0.632239483393866	3.05538288662306	3.05554503818255	1725.82823238516
264	CM30c44	Plot02	-0.632002277789622	-0.632129024123501	3.05538288662306	3.05555423083172	1194.88930846985
265	CM30c44	Plot03	-0.632002277789622	-0.632101964538778	3.05538288662306	3.05561148810316	1335.7145017906
266	CM30c44	Plot04	-0.632002277789622	-0.632033692319895	3.05538288662306	3.05562753989629	1273.43174694818
267	CM30c44	Plot05	-0.632002277789622	-0.632077792775835	3.05538288662306	3.05564125818421	1412.55625215858
268	CM30c44	Plot06	-0.632002277789622	-0.632045028582452	3.05538288662306	3.05565155737213	1407.65927152496
269	CM30c44	Plot07	-0.632002277789622	-0.632014787960635	3.05538288662306	3.05570230980145	1643.89424985443
270	CM30c44	Plot08	-0.632002277789622	-0.631984535645111	3.05538288662306	3.05570472010114	1658.22627205178
271	CM30c46	CM30b58	-0.631995644316734	-0.63214798450783	3.0555756791829	3.05523488270249	2002.64899220852
272	CM30c46	CM30b60	-0.631995644316734	-0.631512483249108	3.0555756791829	3.05614133341215	4234.76309549586
273	CM30c46	CM30c	-0.631995644316734	-0.631879321961813	3.0555756791829	3.05542450399908	1073.853444139
274	CM30c46	CM30c28	-0.631995644316734	-0.631844354988381	3.0555756791829	3.05538126870285	1388.47298227443
275	CM30c46	CM30c30	-0.631995644316734	-0.631833155385104	3.0555756791829	3.0555743073541	1035.24100413947
276	CM30c46	CM30c35	-0.631995644316734	-0.631923972720067	3.0555756791829	3.05527989125324	1587.60350018934
277	CM30c46	CM30c37	-0.631995644316734	-0.631921129753248	3.0555756791829	3.05547238361645	712.271791904727
278	CM30c46	CM30c39	-0.631995644316734	-0.631917920965419	3.0555756791829	3.0556668063138	681.646121496123
279	CM30c46	CM30c44	-0.631995644316734	-0.632002277789622	3.0555756791829	3.05538288662306	991.937356215358
280	CM30c46	CM30c46	-0.631995644316734	-0.631995644316734	3.0555756791829	3.0555756791829	0
281	CM30c46	CM30c51	-0.631995644316734	-0.632082163778414	3.0555756791829	3.05528422316045	1596.35154640808
282	CM30c46	CM30c53	-0.631995644316734	-0.632071728280283	3.0555756791829	3.05547906124616	693.988791688872
283	CM30c46	CM30c60	-0.631995644316734	-0.632158008980922	3.0555756791829	3.05538386575277	1429.03033820198
284	CM30c46	CM30c62	-0.631995644316734	-0.63214505793974	3.0555756791829	3.05557806679331	951.99330275153
285	CM30c46	CM30d12	-0.631995644316734	-0.6316718243049	3.0555756791829	3.05614667761032	3587.973816941
286	CM30c46	CM30d3	-0.631995644316734	-0.631594282293293	3.0555756791829	3.05604717813499	3523.45808867001
287	CM30c46	CM31a5	-0.631995644316734	-0.632214390097078	3.0555756791829	3.05548980374771	1461.86144068824
288	CM30c46	LB1	-0.631995644316734	-0.631794998124332	3.0555756791829	3.05564278883796	1324.0536808565
289	CM30c46	LB5	-0.631995644316734	-0.631692756038619	3.0555756791829	3.05592190363727	2625.25201373761
290	CM30c46	Plot01	-0.631995644316734	-0.632239483393866	3.0555756791829	3.05554503818255	1561.46176173187
291	CM30c46	Plot02	-0.631995644316734	-0.632129024123501	3.0555756791829	3.05555423083172	856.884758974069
292	CM30c46	Plot03	-0.631995644316734	-0.632101964538778	3.0555756791829	3.05561148810316	701.929745547793
293	CM30c46	Plot04	-0.631995644316734	-0.632033692319895	3.0555756791829	3.05562753989629	360.31412967334
294	CM30c46	Plot05	-0.631995644316734	-0.632077792775835	3.0555756791829	3.05564125818421	622.532642309998
295	CM30c46	Plot06	-0.631995644316734	-0.632045028582452	3.0555756791829	3.05565155737213	501.120517611646
296	CM30c46	Plot07	-0.631995644316734	-0.632014787960635	3.0555756791829	3.05570230980145	662.260392894218
297	CM30c46	Plot08	-0.631995644316734	-0.631984535645111	3.0555756791829	3.05570472010114	667.094976478363
298	CM30c51	CM30b58	-0.632082163778414	-0.63214798450783	3.05528422316045	3.05523488270249	490.068475664766
299	CM30c51	CM30b60	-0.632082163778414	-0.631512483249108	3.05528422316045	3.05614133341215	5708.81902853978
300	CM30c51	CM30c	-0.632082163778414	-0.631879321961813	3.05528422316045	3.05542450399908	1479.88424083951
301	CM30c51	CM30c28	-0.632082163778414	-0.631844354988381	3.05528422316045	3.05538126870285	1595.09778297474
302	CM30c51	CM30c30	-0.632082163778414	-0.631833155385104	3.05528422316045	3.0555743073541	2177.25816012822
303	CM30c51	CM30c35	-0.632082163778414	-0.631923972720067	3.05528422316045	3.05527989125324	1008.08120267709
304	CM30c51	CM30c37	-0.632082163778414	-0.631921129753248	3.05528422316045	3.05547238361645	1409.99667051183
305	CM30c51	CM30c39	-0.632082163778414	-0.631917920965419	3.05528422316045	3.0556668063138	2227.69125042283
306	CM30c51	CM30c44	-0.632082163778414	-0.632002277789622	3.05528422316045	3.05538288662306	718.499530829847
307	CM30c51	CM30c46	-0.632082163778414	-0.631995644316734	3.05528422316045	3.0555756791829	1596.35154640808
308	CM30c51	CM30c51	-0.632082163778414	-0.632082163778414	3.05528422316045	3.05528422316045	0
309	CM30c51	CM30c53	-0.632082163778414	-0.632071728280283	3.05528422316045	3.05547906124616	1003.6987227027
310	CM30c51	CM30c60	-0.632082163778414	-0.632158008980922	3.05528422316045	3.05538386575277	704.130606517506
311	CM30c51	CM30c62	-0.632082163778414	-0.63214505793974	3.05528422316045	3.05557806679331	1562.60491994677
312	CM30c51	CM30d12	-0.632082163778414	-0.6316718243049	3.05528422316045	3.05614667761032	5147.12047472081
313	CM30c51	CM30d3	-0.632082163778414	-0.631594282293293	3.05528422316045	3.05604717813499	5004.65126800926
314	CM30c51	CM31a5	-0.632082163778414	-0.632214390097078	3.05528422316045	3.05548980374771	1351.36423689447
315	CM30c51	LB1	-0.632082163778414	-0.631794998124332	3.05528422316045	3.05564278883796	2597.07682876019
316	CM30c51	LB5	-0.632082163778414	-0.631692756038619	3.05528422316045	3.05592190363727	4111.16405886315
317	CM30c51	Plot01	-0.632082163778414	-0.632239483393866	3.05528422316045	3.05554503818255	1673.8057869277
318	CM30c51	Plot02	-0.632082163778414	-0.632129024123501	3.05528422316045	3.05555423083172	1419.59508282045
319	CM30c51	Plot03	-0.632082163778414	-0.632101964538778	3.05528422316045	3.05561148810316	1686.89140800246
320	CM30c51	Plot04	-0.632082163778414	-0.632033692319895	3.05528422316045	3.05562753989629	1791.53547623812
321	CM30c51	Plot05	-0.632082163778414	-0.632077792775835	3.05528422316045	3.05564125818421	1835.41593562153
322	CM30c51	Plot06	-0.632082163778414	-0.632045028582452	3.05528422316045	3.05565155737213	1902.93103058247
323	CM30c51	Plot07	-0.632082163778414	-0.632014787960635	3.05528422316045	3.05570230980145	2191.51693449602
324	CM30c51	Plot08	-0.632082163778414	-0.631984535645111	3.05528422316045	3.05570472010114	2249.19290463035
325	CM30c53	CM30b58	-0.632071728280283	-0.63214798450783	3.05547906124616	3.05523488270249	1345.82949709985
326	CM30c53	CM30b60	-0.632071728280283	-0.631512483249108	3.05547906124616	3.05614133341215	4928.26694545577
327	CM30c53	CM30c	-0.632071728280283	-0.631879321961813	3.05547906124616	3.05542450399908	1257.49349672834
328	CM30c53	CM30c28	-0.632071728280283	-0.631844354988381	3.05547906124616	3.05538126870285	1533.34480985084
329	CM30c53	CM30c30	-0.632071728280283	-0.631833155385104	3.05547906124616	3.0555743073541	1596.86316801108
330	CM30c53	CM30c35	-0.632071728280283	-0.631923972720067	3.05547906124616	3.05527989125324	1390.80874480039
331	CM30c53	CM30c37	-0.632071728280283	-0.631921129753248	3.05547906124616	3.05547238361645	960.077045510066
332	CM30c53	CM30c39	-0.632071728280283	-0.631917920965419	3.05547906124616	3.0556668063138	1375.36236301912
333	CM30c53	CM30c44	-0.632071728280283	-0.632002277789622	3.05547906124616	3.05538288662306	663.457444735073
334	CM30c53	CM30c46	-0.632071728280283	-0.631995644316734	3.05547906124616	3.0555756791829	693.988791688872
335	CM30c53	CM30c51	-0.632071728280283	-0.632082163778414	3.05547906124616	3.05528422316045	1003.6987227027
336	CM30c53	CM30c53	-0.632071728280283	-0.632071728280283	3.05547906124616	3.05547906124616	0
337	CM30c53	CM30c60	-0.632071728280283	-0.632158008980922	3.05547906124616	3.05538386575277	735.922895455132
338	CM30c53	CM30c62	-0.632071728280283	-0.63214505793974	3.05547906124616	3.05557806679331	690.818021781897
339	CM30c53	CM30d12	-0.632071728280283	-0.6316718243049	3.05547906124616	3.05614667761032	4274.44855012411
340	CM30c53	CM30d3	-0.632071728280283	-0.631594282293293	3.05547906124616	3.05604717813499	4217.01345871092
341	CM30c53	CM31a5	-0.632071728280283	-0.632214390097078	3.05547906124616	3.05548980374771	910.574043471391
342	CM30c53	LB1	-0.632071728280283	-0.631794998124332	3.05547906124616	3.05564278883796	1953.64968457383
343	CM30c53	LB5	-0.632071728280283	-0.631692756038619	3.05547906124616	3.05592190363727	3318.48858046009
344	CM30c53	Plot01	-0.632071728280283	-0.632239483393866	3.05547906124616	3.05554503818255	1121.27645442138
345	CM30c53	Plot02	-0.632071728280283	-0.632129024123501	3.05547906124616	3.05555423083172	531.539366633209
346	CM30c53	Plot03	-0.632071728280283	-0.632101964538778	3.05547906124616	3.05561148810316	707.420214380061
347	CM30c53	Plot04	-0.632071728280283	-0.632033692319895	3.05547906124616	3.05562753989629	800.760974820984
348	CM30c53	Plot05	-0.632071728280283	-0.632077792775835	3.05547906124616	3.05564125818421	834.610524480559
349	CM30c53	Plot06	-0.632071728280283	-0.632045028582452	3.05547906124616	3.05565155737213	902.835159885361
350	CM30c53	Plot07	-0.632071728280283	-0.632014787960635	3.05547906124616	3.05570230980145	1203.53034967047
351	CM30c53	Plot08	-0.632071728280283	-0.631984535645111	3.05547906124616	3.05570472010114	1286.11404947021
352	CM30c60	CM30b58	-0.632158008980922	-0.63214798450783	3.05538386575277	3.05523488270249	768.409248168617
353	CM30c60	CM30b60	-0.632158008980922	-0.631512483249108	3.05538386575277	3.05614133341215	5663.7841224329
354	CM30c60	CM30c	-0.632158008980922	-0.631879321961813	3.05538386575277	3.05542450399908	1787.76135162661
355	CM30c60	CM30c28	-0.632158008980922	-0.631844354988381	3.05538386575277	3.05538126870285	1998.3341792819
356	CM30c60	CM30c30	-0.632158008980922	-0.631833155385104	3.05538386575277	3.0555743073541	2289.49126827786
357	CM30c60	CM30c35	-0.632158008980922	-0.631923972720067	3.05538386575277	3.05527989125324	1583.9380440821
358	CM30c60	CM30c37	-0.632158008980922	-0.631921129753248	3.05538386575277	3.05547238361645	1576.25737656696
359	CM30c60	CM30c39	-0.632158008980922	-0.631917920965419	3.05538386575277	3.0556668063138	2110.67337414765
360	CM30c60	CM30c44	-0.632158008980922	-0.632002277789622	3.05538386575277	3.05538288662306	992.176184500387
361	CM30c60	CM30c46	-0.632158008980922	-0.631995644316734	3.05538386575277	3.0555756791829	1429.03033820198
362	CM30c60	CM30c51	-0.632158008980922	-0.632082163778414	3.05538386575277	3.05528422316045	704.130606517506
363	CM30c60	CM30c53	-0.632158008980922	-0.632071728280283	3.05538386575277	3.05547906124616	735.922895455132
364	CM30c60	CM30c60	-0.632158008980922	-0.632158008980922	3.05538386575277	3.05538386575277	0
365	CM30c60	CM30c62	-0.632158008980922	-0.63214505793974	3.05538386575277	3.05557806679331	1001.56981336523
366	CM30c60	CM30d12	-0.632158008980922	-0.6316718243049	3.05538386575277	3.05614667761032	4997.19416594202
367	CM30c60	CM30d3	-0.632158008980922	-0.631594282293293	3.05538386575277	3.05604717813499	4952.48522403207
368	CM30c60	CM31a5	-0.632158008980922	-0.632214390097078	3.05538386575277	3.05548980374771	652.303084351526
369	CM30c60	LB1	-0.632158008980922	-0.631794998124332	3.05538386575277	3.05564278883796	2668.3949536645
370	CM30c60	LB5	-0.632158008980922	-0.631692756038619	3.05538386575277	3.05592190363727	4054.16094798052
371	CM30c60	Plot01	-0.632158008980922	-0.632239483393866	3.05538386575277	3.05554503818255	977.569128672141
372	CM30c60	Plot02	-0.632158008980922	-0.632129024123501	3.05538386575277	3.05555423083172	894.916498168998
373	CM30c60	Plot03	-0.632158008980922	-0.632101964538778	3.05538386575277	3.05561148810316	1223.23675107773
374	CM30c60	Plot04	-0.632158008980922	-0.632033692319895	3.05538386575277	3.05562753989629	1481.90983050791
375	CM30c60	Plot05	-0.632158008980922	-0.632077792775835	3.05538386575277	3.05564125818421	1418.26970949341
376	CM30c60	Plot06	-0.632158008980922	-0.632045028582452	3.05538386575277	3.05565155737213	1552.84855157024
377	CM30c60	Plot07	-0.632158008980922	-0.632014787960635	3.05538386575277	3.05570230980145	1873.98307702622
378	CM30c60	Plot08	-0.632158008980922	-0.631984535645111	3.05538386575277	3.05570472010114	1985.31184021101
379	CM30c62	CM30b58	-0.63214505793974	-0.63214798450783	3.05557806679331	3.05523488270249	1764.02171456744
380	CM30c62	CM30b60	-0.63214505793974	-0.631512483249108	3.05557806679331	3.05614133341215	4962.61960485172
381	CM30c62	CM30c	-0.63214505793974	-0.631879321961813	3.05557806679331	3.05542450399908	1867.98529319885
382	CM30c62	CM30c28	-0.63214505793974	-0.631844354988381	3.05557806679331	3.05538126870285	2166.47234546626
383	CM30c62	CM30c30	-0.63214505793974	-0.631833155385104	3.05557806679331	3.0555743073541	1987.22514456109
384	CM30c62	CM30c35	-0.63214505793974	-0.631923972720067	3.05557806679331	3.05527989125324	2081.62666163127
385	CM30c62	CM30c37	-0.63214505793974	-0.631921129753248	3.05557806679331	3.05547238361645	1526.57575992082
386	CM30c62	CM30c39	-0.63214505793974	-0.631917920965419	3.05557806679331	3.0556668063138	1517.28042236304
387	CM30c62	CM30c44	-0.63214505793974	-0.632002277789622	3.05557806679331	3.05538288662306	1354.248204721
388	CM30c62	CM30c46	-0.63214505793974	-0.631995644316734	3.05557806679331	3.0555756791829	951.99330275153
389	CM30c62	CM30c51	-0.63214505793974	-0.632082163778414	3.05557806679331	3.05528422316045	1562.60491994677
390	CM30c62	CM30c53	-0.63214505793974	-0.632071728280283	3.05557806679331	3.05547906124616	690.818021781897
391	CM30c62	CM30c60	-0.63214505793974	-0.632158008980922	3.05557806679331	3.05538386575277	1001.56981336523
392	CM30c62	CM30c62	-0.63214505793974	-0.63214505793974	3.05557806679331	3.05557806679331	0
393	CM30c62	CM30d12	-0.63214505793974	-0.6316718243049	3.05557806679331	3.05614667761032	4199.35154086063
394	CM30c62	CM30d3	-0.63214505793974	-0.631594282293293	3.05557806679331	3.05604717813499	4257.8324091901
395	CM30c62	CM31a5	-0.63214505793974	-0.632214390097078	3.05557806679331	3.05548980374771	633.174993586173
396	CM30c62	LB1	-0.63214505793974	-0.631794998124332	3.05557806679331	3.05564278883796	2254.91110512075
397	CM30c62	LB5	-0.63214505793974	-0.631692756038619	3.05557806679331	3.05592190363727	3380.53559371685
398	CM30c62	Plot01	-0.63214505793974	-0.632239483393866	3.05557806679331	3.05554503818255	625.077202482858
399	CM30c62	Plot02	-0.63214505793974	-0.632129024123501	3.05557806679331	3.05555423083172	159.514168270737
400	CM30c62	Plot03	-0.63214505793974	-0.632101964538778	3.05557806679331	3.05561148810316	323.861790492866
401	CM30c62	Plot04	-0.63214505793974	-0.632033692319895	3.05557806679331	3.05562753989629	753.70518551743
402	CM30c62	Plot05	-0.63214505793974	-0.632077792775835	3.05557806679331	3.05564125818421	537.726446642459
403	CM30c62	Plot06	-0.63214505793974	-0.632045028582452	3.05557806679331	3.05565155737213	740.828763605016
404	CM30c62	Plot07	-0.63214505793974	-0.632014787960635	3.05557806679331	3.05570230980145	1047.21462584965
405	CM30c62	Plot08	-0.63214505793974	-0.631984535645111	3.05557806679331	3.05570472010114	1212.31936534805
406	CM30d12	CM30b58	-0.6316718243049	-0.63214798450783	3.05614667761032	3.05523488270249	5583.35292663092
407	CM30d12	CM30b60	-0.6316718243049	-0.631512483249108	3.05614667761032	3.05614133341215	1015.53372500512
408	CM30d12	CM30c	-0.6316718243049	-0.631879321961813	3.05614667761032	3.05542450399908	3941.21173399712
409	CM30d12	CM30c28	-0.6316718243049	-0.631844354988381	3.05614667761032	3.05538126870285	4085.85587265726
410	CM30d12	CM30c30	-0.6316718243049	-0.631833155385104	3.05614667761032	3.0555743073541	3117.09682085244
411	CM30d12	CM30c35	-0.6316718243049	-0.631923972720067	3.05614667761032	3.05527989125324	4737.0184263736
412	CM30d12	CM30c37	-0.6316718243049	-0.631921129753248	3.05614667761032	3.05547238361645	3813.21527113562
413	CM30d12	CM30c39	-0.6316718243049	-0.631917920965419	3.05614667761032	3.0556668063138	2923.16636840464
414	CM30d12	CM30c44	-0.6316718243049	-0.632002277789622	3.05614667761032	3.05538288662306	4455.46629622741
415	CM30d12	CM30c46	-0.6316718243049	-0.631995644316734	3.05614667761032	3.0555756791829	3587.973816941
416	CM30d12	CM30c51	-0.6316718243049	-0.632082163778414	3.05614667761032	3.05528422316045	5147.12047472081
417	CM30d12	CM30c53	-0.6316718243049	-0.632071728280283	3.05614667761032	3.05547906124616	4274.44855012411
418	CM30d12	CM30c60	-0.6316718243049	-0.632158008980922	3.05614667761032	3.05538386575277	4997.19416594202
419	CM30d12	CM30c62	-0.6316718243049	-0.63214505793974	3.05614667761032	3.05557806679331	4199.35154086063
420	CM30d12	CM30d12	-0.6316718243049	-0.6316718243049	3.05614667761032	3.05614667761032	0
421	CM30d12	CM30d3	-0.6316718243049	-0.631594282293293	3.05614667761032	3.05604717813499	711.194572271286
422	CM30d12	CM31a5	-0.6316718243049	-0.632214390097078	3.05614667761032	3.05548980374771	4832.30143249212
423	CM30d12	LB1	-0.6316718243049	-0.631794998124332	3.05614667761032	3.05564278883796	2706.95176662779
424	CM30d12	LB5	-0.6316718243049	-0.631692756038619	3.05614667761032	3.05592190363727	1163.37122376799
425	CM30d12	Plot01	-0.6316718243049	-0.632239483393866	3.05614667761032	3.05554503818255	4758.6538248817
426	CM30d12	Plot02	-0.6316718243049	-0.632129024123501	3.05614667761032	3.05555423083172	4214.32194498004
427	CM30d12	Plot03	-0.6316718243049	-0.632101964538778	3.05614667761032	3.05561148810316	3883.26364040868
428	CM30d12	Plot04	-0.6316718243049	-0.632033692319895	3.05614667761032	3.05562753989629	3526.76248601443
429	CM30d12	Plot05	-0.6316718243049	-0.632077792775835	3.05614667761032	3.05564125818421	3666.1704830992
430	CM30d12	Plot06	-0.6316718243049	-0.632045028582452	3.05614667761032	3.05565155737213	3483.16056637481
431	CM30d12	Plot07	-0.6316718243049	-0.632014787960635	3.05614667761032	3.05570230980145	3161.21299065789
432	CM30d12	Plot08	-0.6316718243049	-0.631984535645111	3.05614667761032	3.05570472010114	3021.88612359279
433	CM30d3	CM30b58	-0.631594282293293	-0.63214798450783	3.05604717813499	3.05523488270249	5466.50554860218
434	CM30d3	CM30b60	-0.631594282293293	-0.631512483249108	3.05604717813499	3.05614133341215	711.334073287771
435	CM30d3	CM30c	-0.631594282293293	-0.631879321961813	3.05604717813499	3.05542450399908	3680.61767876048
436	CM30d3	CM30c28	-0.631594282293293	-0.631844354988381	3.05604717813499	3.05538126870285	3776.30387530957
437	CM30d3	CM30c30	-0.631594282293293	-0.631833155385104	3.05604717813499	3.0555743073541	2868.29513351262
438	CM30d3	CM30c35	-0.631594282293293	-0.631923972720067	3.05604717813499	3.05527989125324	4469.22548415498
439	CM30d3	CM30c37	-0.631594282293293	-0.631921129753248	3.05604717813499	3.05547238361645	3615.16858822515
440	CM30d3	CM30c39	-0.631594282293293	-0.631917920965419	3.05604717813499	3.0556668063138	2841.81252276097
441	CM30d3	CM30c44	-0.631594282293293	-0.632002277789622	3.05604717813499	3.05538288662306	4291.90719475459
442	CM30d3	CM30c46	-0.631594282293293	-0.631995644316734	3.05604717813499	3.0555756791829	3523.45808867001
443	CM30d3	CM30c51	-0.631594282293293	-0.632082163778414	3.05604717813499	3.05528422316045	5004.65126800926
444	CM30d3	CM30c53	-0.631594282293293	-0.632071728280283	3.05604717813499	3.05547906124616	4217.01345871092
445	CM30d3	CM30c60	-0.631594282293293	-0.632158008980922	3.05604717813499	3.05538386575277	4952.48522403207
446	CM30d3	CM30c62	-0.631594282293293	-0.63214505793974	3.05604717813499	3.05557806679331	4257.8324091901
447	CM30d3	CM30d12	-0.631594282293293	-0.6316718243049	3.05604717813499	3.05614667761032	711.194572271286
448	CM30d3	CM30d3	-0.631594282293293	-0.631594282293293	3.05604717813499	3.05604717813499	0
449	CM30d3	CM31a5	-0.631594282293293	-0.632214390097078	3.05604717813499	3.05548980374771	4880.39663288411
450	CM30d3	LB1	-0.631594282293293	-0.631794998124332	3.05604717813499	3.05564278883796	2440.9614176809
451	CM30d3	LB5	-0.631594282293293	-0.631692756038619	3.05604717813499	3.05592190363727	899.170395318917
452	CM30d3	Plot01	-0.631594282293293	-0.632239483393866	3.05604717813499	3.05554503818255	4853.89629073956
453	CM30d3	Plot02	-0.631594282293293	-0.632129024123501	3.05604717813499	3.05555423083172	4246.03457000115
454	CM30d3	Plot03	-0.631594282293293	-0.632101964538778	3.05604717813499	3.05561148810316	3934.29711795904
455	CM30d3	Plot04	-0.631594282293293	-0.632033692319895	3.05604717813499	3.05562753989629	3534.33536837087
456	CM30d3	Plot05	-0.631594282293293	-0.632077792775835	3.05604717813499	3.05564125818421	3720.76525176827
457	CM30d3	Plot06	-0.631594282293293	-0.632045028582452	3.05604717813499	3.05565155737213	3519.02677021205
458	CM30d3	Plot07	-0.631594282293293	-0.632014787960635	3.05604717813499	3.05570230980145	3212.61223724959
459	CM30d3	Plot08	-0.631594282293293	-0.631984535645111	3.05604717813499	3.05570472010114	3046.57218214056
460	CM31a5	CM30b58	-0.632214390097078	-0.63214798450783	3.05548980374771	3.05523488270249	1376.8398852917
461	CM31a5	CM30b60	-0.632214390097078	-0.631512483249108	3.05548980374771	3.05614133341215	5587.16477377999
462	CM31a5	CM30c	-0.632214390097078	-0.631879321961813	3.05548980374771	3.05542450399908	2160.94683439497
463	CM31a5	CM30c28	-0.632214390097078	-0.631844354988381	3.05548980374771	3.05538126870285	2422.60886722772
464	CM31a5	CM30c30	-0.632214390097078	-0.631833155385104	3.05548980374771	3.0555743073541	2467.38281337615
465	CM31a5	CM30c35	-0.632214390097078	-0.631923972720067	3.05548980374771	3.05527989125324	2141.87543442304
466	CM31a5	CM30c37	-0.632214390097078	-0.631921129753248	3.05548980374771	3.05547238361645	1870.50611016552
467	CM31a5	CM30c39	-0.632214390097078	-0.631917920965419	3.05548980374771	3.0556668063138	2096.51243257451
468	CM31a5	CM30c44	-0.632214390097078	-0.632002277789622	3.05548980374771	3.05538288662306	1458.8371806985
469	CM31a5	CM30c46	-0.632214390097078	-0.631995644316734	3.05548980374771	3.0555756791829	1461.86144068824
470	CM31a5	CM30c51	-0.632214390097078	-0.632082163778414	3.05548980374771	3.05528422316045	1351.36423689447
471	CM31a5	CM30c53	-0.632214390097078	-0.632071728280283	3.05548980374771	3.05547906124616	910.574043471391
472	CM31a5	CM30c60	-0.632214390097078	-0.632158008980922	3.05548980374771	3.05538386575277	652.303084351526
473	CM31a5	CM30c62	-0.632214390097078	-0.63214505793974	3.05548980374771	3.05557806679331	633.174993586173
474	CM31a5	CM30d12	-0.632214390097078	-0.6316718243049	3.05548980374771	3.05614667761032	4832.30143249212
475	CM31a5	CM30d3	-0.632214390097078	-0.631594282293293	3.05548980374771	3.05604717813499	4880.39663288411
476	CM31a5	CM31a5	-0.632214390097078	-0.632214390097078	3.05548980374771	3.05548980374771	0
477	CM31a5	LB1	-0.632214390097078	-0.631794998124332	3.05548980374771	3.05564278883796	2785.27035258241
478	CM31a5	LB5	-0.632214390097078	-0.631692756038619	3.05548980374771	3.05592190363727	3997.31046525038
479	CM31a5	Plot01	-0.632214390097078	-0.632239483393866	3.05548980374771	3.05554503818255	325.801843179946
480	CM31a5	Plot02	-0.632214390097078	-0.632129024123501	3.05548980374771	3.05555423083172	636.745847078717
481	CM31a5	Plot03	-0.632214390097078	-0.632101964538778	3.05548980374771	3.05561148810316	950.896648726237
482	CM31a5	Plot04	-0.632214390097078	-0.632033692319895	3.05548980374771	3.05562753989629	1351.48992743526
483	CM31a5	Plot05	-0.632214390097078	-0.632077792775835	3.05548980374771	3.05564125818421	1167.62601599643
484	CM31a5	Plot06	-0.632214390097078	-0.632045028582452	3.05548980374771	3.05565155737213	1362.1591941272
485	CM31a5	Plot07	-0.632214390097078	-0.632014787960635	3.05548980374771	3.05570230980145	1676.3675029023
486	CM31a5	Plot08	-0.632214390097078	-0.631984535645111	3.05548980374771	3.05570472010114	1834.33796685209
487	LB1	CM30b58	-0.631794998124332	-0.63214798450783	3.05564278883796	3.05523488270249	3074.77569507125
488	LB1	CM30b60	-0.631794998124332	-0.631512483249108	3.05564278883796	3.05614133341215	3132.18305001932
489	LB1	CM30c	-0.631794998124332	-0.631879321961813	3.05564278883796	3.05542450399908	1244.17451112006
490	LB1	CM30c28	-0.631794998124332	-0.631844354988381	3.05564278883796	3.05538126870285	1380.78495949487
491	LB1	CM30c30	-0.631794998124332	-0.631833155385104	3.05564278883796	3.0555743073541	427.846003476265
492	LB1	CM30c35	-0.631794998124332	-0.631923972720067	3.05564278883796	3.05527989125324	2038.57774195736
493	LB1	CM30c37	-0.631794998124332	-0.631921129753248	3.05564278883796	3.05547238361645	1188.78325753839
494	LB1	CM30c39	-0.631794998124332	-0.631917920965419	3.05564278883796	3.0556668063138	792.815283975937
495	LB1	CM30c44	-0.631794998124332	-0.632002277789622	3.05564278883796	3.05538288662306	1878.59278320061
496	LB1	CM30c46	-0.631794998124332	-0.631995644316734	3.05564278883796	3.0555756791829	1324.0536808565
497	LB1	CM30c51	-0.631794998124332	-0.632082163778414	3.05564278883796	3.05528422316045	2597.07682876019
498	LB1	CM30c53	-0.631794998124332	-0.632071728280283	3.05564278883796	3.05547906124616	1953.64968457383
499	LB1	CM30c60	-0.631794998124332	-0.632158008980922	3.05564278883796	3.05538386575277	2668.3949536645
500	LB1	CM30c62	-0.631794998124332	-0.63214505793974	3.05564278883796	3.05557806679331	2254.91110512075
501	LB1	CM30d12	-0.631794998124332	-0.6316718243049	3.05564278883796	3.05614667761032	2706.95176662779
502	LB1	CM30d3	-0.631794998124332	-0.631594282293293	3.05564278883796	3.05604717813499	2440.9614176809
503	LB1	CM31a5	-0.631794998124332	-0.632214390097078	3.05564278883796	3.05548980374771	2785.27035258241
504	LB1	LB1	-0.631794998124332	-0.631794998124332	3.05564278883796	3.05564278883796	0
505	LB1	LB5	-0.631794998124332	-0.631692756038619	3.05564278883796	3.05592190363727	1575.95546151003
506	LB1	Plot01	-0.631794998124332	-0.632239483393866	3.05564278883796	3.05554503818255	2876.04931664216
507	LB1	Plot02	-0.631794998124332	-0.632129024123501	3.05564278883796	3.05555423083172	2176.22725986225
508	LB1	Plot03	-0.631794998124332	-0.632101964538778	3.05564278883796	3.05561148810316	1962.29115504166
509	LB1	Plot04	-0.631794998124332	-0.632033692319895	3.05564278883796	3.05562753989629	1522.73985060543
510	LB1	Plot05	-0.631794998124332	-0.632077792775835	3.05564278883796	3.05564125818421	1801.70190704398
511	LB1	Plot06	-0.631794998124332	-0.632045028582452	3.05564278883796	3.05565155737213	1593.58170352127
512	LB1	Plot07	-0.631794998124332	-0.632014787960635	3.05564278883796	3.05570230980145	1433.32252953658
513	LB1	Plot08	-0.631794998124332	-0.631984535645111	3.05564278883796	3.05570472010114	1248.81001563628
514	LB5	CM30b58	-0.631692756038619	-0.63214798450783	3.05592190363727	3.05523488270249	4570.01363432077
515	LB5	CM30b60	-0.631692756038619	-0.631512483249108	3.05592190363727	3.05614133341215	1610.01031350848
516	LB5	CM30c	-0.631692756038619	-0.631879321961813	3.05592190363727	3.05542450399908	2819.9835452423
517	LB5	CM30c28	-0.631692756038619	-0.631844354988381	3.05592190363727	3.05538126870285	2942.58750731786
518	LB5	CM30c30	-0.631692756038619	-0.631833155385104	3.05592190363727	3.0555743073541	1998.4592538708
519	LB5	CM30c35	-0.631692756038619	-0.631923972720067	3.05592190363727	3.05527989125324	3614.47902085185
520	LB5	CM30c37	-0.631692756038619	-0.631921129753248	3.05592190363727	3.05547238361645	2730.91401354788
521	LB5	CM30c39	-0.631692756038619	-0.631917920965419	3.05592190363727	3.0556668063138	1943.67830566693
522	LB5	CM30c44	-0.631692756038619	-0.632002277789622	3.05592190363727	3.05538288662306	3401.11131171866
523	LB5	CM30c46	-0.631692756038619	-0.631995644316734	3.05592190363727	3.0555756791829	2625.25201373761
524	LB5	CM30c51	-0.631692756038619	-0.632082163778414	3.05592190363727	3.05528422316045	4111.16405886315
525	LB5	CM30c53	-0.631692756038619	-0.632071728280283	3.05592190363727	3.05547906124616	3318.48858046009
526	LB5	CM30c60	-0.631692756038619	-0.632158008980922	3.05592190363727	3.05538386575277	4054.16094798052
527	LB5	CM30c62	-0.631692756038619	-0.63214505793974	3.05592190363727	3.05557806679331	3380.53559371685
528	LB5	CM30d12	-0.631692756038619	-0.6316718243049	3.05592190363727	3.05614667761032	1163.37122376799
529	LB5	CM30d3	-0.631692756038619	-0.631594282293293	3.05592190363727	3.05604717813499	899.170395318917
530	LB5	CM31a5	-0.631692756038619	-0.632214390097078	3.05592190363727	3.05548980374771	3997.31046525038
531	LB5	LB1	-0.631692756038619	-0.631794998124332	3.05592190363727	3.05564278883796	1575.95546151003
532	LB5	LB5	-0.631692756038619	-0.631692756038619	3.05592190363727	3.05592190363727	0
533	LB5	Plot01	-0.631692756038619	-0.632239483393866	3.05592190363727	3.05554503818255	3985.69965927366
534	LB5	Plot02	-0.631692756038619	-0.632129024123501	3.05592190363727	3.05555423083172	3361.244790479
535	LB5	Plot03	-0.631692756038619	-0.632101964538778	3.05592190363727	3.05561148810316	3056.68766502452
536	LB5	Plot04	-0.631692756038619	-0.632033692319895	3.05592190363727	3.05562753989629	2647.288623808
537	LB5	Plot05	-0.631692756038619	-0.632077792775835	3.05592190363727	3.05564125818421	2845.89167850469
538	LB5	Plot06	-0.631692756038619	-0.632045028582452	3.05592190363727	3.05565155737213	2639.81680114068
539	LB5	Plot07	-0.631692756038619	-0.632014787960635	3.05592190363727	3.05570230980145	2341.7528333057
540	LB5	Plot08	-0.631692756038619	-0.631984535645111	3.05592190363727	3.05570472010114	2168.47683567947
541	Plot01	CM30b58	-0.632239483393866	-0.63214798450783	3.05554503818255	3.05523488270249	1697.34778966833
542	Plot01	CM30b60	-0.632239483393866	-0.631512483249108	3.05554503818255	3.05614133341215	5554.28103352913
543	Plot01	CM30c	-0.632239483393866	-0.631879321961813	3.05554503818255	3.05542450399908	2376.76322346959
544	Plot01	CM30c28	-0.632239483393866	-0.631844354988381	3.05554503818255	3.05538126870285	2654.38809294693
545	Plot01	CM30c30	-0.632239483393866	-0.631833155385104	3.05554503818255	3.0555743073541	2593.0840729405
546	Plot01	CM30c35	-0.632239483393866	-0.631923972720067	3.05554503818255	3.05527989125324	2428.58730709808
547	Plot01	CM30c37	-0.632239483393866	-0.631921129753248	3.05554503818255	3.05547238361645	2062.32603073645
548	Plot01	CM30c39	-0.632239483393866	-0.631917920965419	3.05554503818255	3.0556668063138	2142.15357147525
549	Plot01	CM30c44	-0.632239483393866	-0.632002277789622	3.05554503818255	3.05538288662306	1725.82823238516
550	Plot01	CM30c46	-0.632239483393866	-0.631995644316734	3.05554503818255	3.0555756791829	1561.46176173187
551	Plot01	CM30c51	-0.632239483393866	-0.632082163778414	3.05554503818255	3.05528422316045	1673.8057869277
552	Plot01	CM30c53	-0.632239483393866	-0.632071728280283	3.05554503818255	3.05547906124616	1121.27645442138
553	Plot01	CM30c60	-0.632239483393866	-0.632158008980922	3.05554503818255	3.05538386575277	977.569128672141
554	Plot01	CM30c62	-0.632239483393866	-0.63214505793974	3.05554503818255	3.05557806679331	625.077202482858
555	Plot01	CM30d12	-0.632239483393866	-0.6316718243049	3.05554503818255	3.05614667761032	4758.6538248817
556	Plot01	CM30d3	-0.632239483393866	-0.631594282293293	3.05554503818255	3.05604717813499	4853.89629073956
557	Plot01	CM31a5	-0.632239483393866	-0.632214390097078	3.05554503818255	3.05548980374771	325.801843179946
558	Plot01	LB1	-0.632239483393866	-0.631794998124332	3.05554503818255	3.05564278883796	2876.04931664216
559	Plot01	LB5	-0.632239483393866	-0.631692756038619	3.05554503818255	3.05592190363727	3985.69965927366
560	Plot01	Plot01	-0.632239483393866	-0.632239483393866	3.05554503818255	3.05554503818255	0
561	Plot01	Plot02	-0.632239483393866	-0.632129024123501	3.05554503818255	3.05555423083172	705.320299216081
562	Plot01	Plot03	-0.632239483393866	-0.632101964538778	3.05554503818255	3.05561148810316	940.349254758893
563	Plot01	Plot04	-0.632239483393866	-0.632033692319895	3.05554503818255	3.05562753989629	1377.9657587569
564	Plot01	Plot05	-0.632239483393866	-0.632077792775835	3.05554503818255	3.05564125818421	1142.6958174258
565	Plot01	Plot06	-0.632239483393866	-0.632045028582452	3.05554503818255	3.05565155737213	1354.45774901818
566	Plot01	Plot07	-0.632239483393866	-0.632014787960635	3.05554503818255	3.05570230980145	1644.00423702596
567	Plot01	Plot08	-0.632239483393866	-0.631984535645111	3.05554503818255	3.05570472010114	1819.86711828676
568	Plot02	CM30b58	-0.632129024123501	-0.63214798450783	3.05555423083172	3.05523488270249	1645.85783859921
569	Plot02	CM30b60	-0.632129024123501	-0.631512483249108	3.05555423083172	3.05614133341215	4953.73582138414
570	Plot02	CM30c	-0.632129024123501	-0.631879321961813	3.05555423083172	3.05542450399908	1724.96358783601
571	Plot02	CM30c28	-0.632129024123501	-0.631844354988381	3.05555423083172	3.05538126870285	2019.84049013654
572	Plot02	CM30c30	-0.632129024123501	-0.631833155385104	3.05555423083172	3.0555743073541	1887.8028270725
573	Plot02	CM30c35	-0.632129024123501	-0.631923972720067	3.05555423083172	3.05527989125324	1922.312416251
574	Plot02	CM30c37	-0.632129024123501	-0.631921129753248	3.05555423083172	3.05547238361645	1389.71002475049
575	Plot02	CM30c39	-0.632129024123501	-0.631917920965419	3.05555423083172	3.0556668063138	1464.14641486073
576	Plot02	CM30c44	-0.632129024123501	-0.632002277789622	3.05555423083172	3.05538288662306	1194.88930846985
577	Plot02	CM30c46	-0.632129024123501	-0.631995644316734	3.05555423083172	3.0555756791829	856.884758974069
578	Plot02	CM30c51	-0.632129024123501	-0.632082163778414	3.05555423083172	3.05528422316045	1419.59508282045
579	Plot02	CM30c53	-0.632129024123501	-0.632071728280283	3.05555423083172	3.05547906124616	531.539366633209
580	Plot02	CM30c60	-0.632129024123501	-0.632158008980922	3.05555423083172	3.05538386575277	894.916498168998
581	Plot02	CM30c62	-0.632129024123501	-0.63214505793974	3.05555423083172	3.05557806679331	159.514168270737
582	Plot02	CM30d12	-0.632129024123501	-0.6316718243049	3.05555423083172	3.05614667761032	4214.32194498004
583	Plot02	CM30d3	-0.632129024123501	-0.631594282293293	3.05555423083172	3.05604717813499	4246.03457000115
584	Plot02	CM31a5	-0.632129024123501	-0.632214390097078	3.05555423083172	3.05548980374771	636.745847078717
585	Plot02	LB1	-0.632129024123501	-0.631794998124332	3.05555423083172	3.05564278883796	2176.22725986225
586	Plot02	LB5	-0.632129024123501	-0.631692756038619	3.05555423083172	3.05592190363727	3361.244790479
587	Plot02	Plot01	-0.632129024123501	-0.632239483393866	3.05555423083172	3.05554503818255	705.320299216081
588	Plot02	Plot02	-0.632129024123501	-0.632129024123501	3.05555423083172	3.05555423083172	0
589	Plot02	Plot03	-0.632129024123501	-0.632101964538778	3.05555423083172	3.05561148810316	341.077981409451
590	Plot02	Plot04	-0.632129024123501	-0.632033692319895	3.05555423083172	3.05562753989629	714.756038769831
591	Plot02	Plot05	-0.632129024123501	-0.632077792775835	3.05555423083172	3.05564125818421	553.743823628967
592	Plot02	Plot06	-0.632129024123501	-0.632045028582452	3.05555423083172	3.05565155737213	732.555922391593
593	Plot02	Plot07	-0.632129024123501	-0.632014787960635	3.05555423083172	3.05570230980145	1053.10895477798
594	Plot02	Plot08	-0.632129024123501	-0.631984535645111	3.05555423083172	3.05570472010114	1202.3981698591
595	Plot03	CM30b58	-0.632101964538778	-0.63214798450783	3.05561148810316	3.05523488270249	1957.81319104813
596	Plot03	CM30b60	-0.632101964538778	-0.631512483249108	3.05561148810316	3.05614133341215	4639.4696003458
597	Plot03	CM30c	-0.632101964538778	-0.631879321961813	3.05561148810316	3.05542450399908	1713.44470284175
598	Plot03	CM30c28	-0.632101964538778	-0.631844354988381	3.05561148810316	3.05538126870285	2023.41025137053
599	Plot03	CM30c30	-0.632101964538778	-0.631833155385104	3.05561148810316	3.0555743073541	1723.21542337005
600	Plot03	CM30c35	-0.632101964538778	-0.631923972720067	3.05561148810316	3.05527989125324	2047.2802404615
601	Plot03	CM30c37	-0.632101964538778	-0.631921129753248	3.05561148810316	3.05547238361645	1355.96005613398
602	Plot03	CM30c39	-0.632101964538778	-0.631917920965419	3.05561148810316	3.0556668063138	1206.52922830004
603	Plot03	CM30c44	-0.632101964538778	-0.632002277789622	3.05561148810316	3.05538288662306	1335.7145017906
604	Plot03	CM30c46	-0.632101964538778	-0.631995644316734	3.05561148810316	3.0555756791829	701.929745547793
605	Plot03	CM30c51	-0.632101964538778	-0.632082163778414	3.05561148810316	3.05528422316045	1686.89140800246
606	Plot03	CM30c53	-0.632101964538778	-0.632071728280283	3.05561148810316	3.05547906124616	707.420214380061
607	Plot03	CM30c60	-0.632101964538778	-0.632158008980922	3.05561148810316	3.05538386575277	1223.23675107773
608	Plot03	CM30c62	-0.632101964538778	-0.63214505793974	3.05561148810316	3.05557806679331	323.861790492866
609	Plot03	CM30d12	-0.632101964538778	-0.6316718243049	3.05561148810316	3.05614667761032	3883.26364040868
610	Plot03	CM30d3	-0.632101964538778	-0.631594282293293	3.05561148810316	3.05604717813499	3934.29711795904
611	Plot03	CM31a5	-0.632101964538778	-0.632214390097078	3.05561148810316	3.05548980374771	950.896648726237
612	Plot03	LB1	-0.632101964538778	-0.631794998124332	3.05561148810316	3.05564278883796	1962.29115504166
613	Plot03	LB5	-0.632101964538778	-0.631692756038619	3.05561148810316	3.05592190363727	3056.68766502452
614	Plot03	Plot01	-0.632101964538778	-0.632239483393866	3.05561148810316	3.05554503818255	940.349254758893
615	Plot03	Plot02	-0.632101964538778	-0.632129024123501	3.05561148810316	3.05555423083172	341.077981409451
616	Plot03	Plot03	-0.632101964538778	-0.632101964538778	3.05561148810316	3.05561148810316	0
617	Plot03	Plot04	-0.632101964538778	-0.632033692319895	3.05561148810316	3.05562753989629	442.718800405947
618	Plot03	Plot05	-0.632101964538778	-0.632077792775835	3.05561148810316	3.05564125818421	217.096410163488
619	Plot03	Plot06	-0.632101964538778	-0.632045028582452	3.05561148810316	3.05565155737213	417.13298125299
620	Plot03	Plot07	-0.632101964538778	-0.632014787960635	3.05561148810316	3.05570230980145	725.543289177817
621	Plot03	Plot08	-0.632101964538778	-0.631984535645111	3.05561148810316	3.05570472010114	888.471047234757
622	Plot04	CM30b58	-0.632033692319895	-0.63214798450783	3.05562753989629	3.05523488270249	2145.62557553913
623	Plot04	CM30b60	-0.632033692319895	-0.631512483249108	3.05562753989629	3.05614133341215	4243.15405895632
624	Plot04	CM30c	-0.632033692319895	-0.631879321961813	3.05562753989629	3.05542450399908	1434.09200631243
625	Plot04	CM30c28	-0.632033692319895	-0.631844354988381	3.05562753989629	3.05538126870285	1748.66438080079
626	Plot04	CM30c30	-0.632033692319895	-0.631833155385104	3.05562753989629	3.0555743073541	1306.598623905
627	Plot04	CM30c35	-0.632033692319895	-0.631923972720067	3.05562753989629	3.05527989125324	1918.93826342856
628	Plot04	CM30c37	-0.632033692319895	-0.631921129753248	3.05562753989629	3.05547238361645	1072.57734962318
629	Plot04	CM30c39	-0.632033692319895	-0.631917920965419	3.05562753989629	3.0556668063138	764.700281783162
630	Plot04	CM30c44	-0.632033692319895	-0.632002277789622	3.05562753989629	3.05538288662306	1273.43174694818
631	Plot04	CM30c46	-0.632033692319895	-0.631995644316734	3.05562753989629	3.0555756791829	360.31412967334
632	Plot04	CM30c51	-0.632033692319895	-0.632082163778414	3.05562753989629	3.05528422316045	1791.53547623812
633	Plot04	CM30c53	-0.632033692319895	-0.632071728280283	3.05562753989629	3.05547906124616	800.760974820984
634	Plot04	CM30c60	-0.632033692319895	-0.632158008980922	3.05562753989629	3.05538386575277	1481.90983050791
635	Plot04	CM30c62	-0.632033692319895	-0.63214505793974	3.05562753989629	3.05557806679331	753.70518551743
636	Plot04	CM30d12	-0.632033692319895	-0.6316718243049	3.05562753989629	3.05614667761032	3526.76248601443
637	Plot04	CM30d3	-0.632033692319895	-0.631594282293293	3.05562753989629	3.05604717813499	3534.33536837087
638	Plot04	CM31a5	-0.632033692319895	-0.632214390097078	3.05562753989629	3.05548980374771	1351.48992743526
639	Plot04	LB1	-0.632033692319895	-0.631794998124332	3.05562753989629	3.05564278883796	1522.73985060543
640	Plot04	LB5	-0.632033692319895	-0.631692756038619	3.05562753989629	3.05592190363727	2647.288623808
641	Plot04	Plot01	-0.632033692319895	-0.632239483393866	3.05562753989629	3.05554503818255	1377.9657587569
642	Plot04	Plot02	-0.632033692319895	-0.632129024123501	3.05562753989629	3.05555423083172	714.756038769831
643	Plot04	Plot03	-0.632033692319895	-0.632101964538778	3.05562753989629	3.05561148810316	442.718800405947
644	Plot04	Plot04	-0.632033692319895	-0.632033692319895	3.05562753989629	3.05562753989629	0
645	Plot04	Plot05	-0.632033692319895	-0.632077792775835	3.05562753989629	3.05564125818421	289.677635547588
646	Plot04	Plot06	-0.632033692319895	-0.632045028582452	3.05562753989629	3.05565155737213	143.030475372466
647	Plot04	Plot07	-0.632033692319895	-0.632014787960635	3.05562753989629	3.05570230980145	402.771344551261
648	Plot04	Plot08	-0.632033692319895	-0.631984535645111	3.05562753989629	3.05570472010114	505.450082394429
649	Plot05	CM30b58	-0.632077792775835	-0.63214798450783	3.05564125818421	3.05523488270249	2136.10445153977
650	Plot05	CM30b60	-0.632077792775835	-0.631512483249108	3.05564125818421	3.05614133341215	4425.08685105551
651	Plot05	CM30c	-0.632077792775835	-0.631879321961813	3.05564125818421	3.05542450399908	1685.33476761226
652	Plot05	CM30c28	-0.632077792775835	-0.631844354988381	3.05564125818421	3.05538126870285	1999.51938642789
653	Plot05	CM30c30	-0.632077792775835	-0.631833155385104	3.05564125818421	3.0555743073541	1596.13206249026
654	Plot05	CM30c35	-0.632077792775835	-0.631923972720067	3.05564125818421	3.05527989125324	2100.23203532237
655	Plot05	CM30c37	-0.632077792775835	-0.631921129753248	3.05564125818421	3.05547238361645	1322.79245418626
656	Plot05	CM30c39	-0.632077792775835	-0.631917920965419	3.05564125818421	3.0556668063138	1026.97499065878
657	Plot05	CM30c44	-0.632077792775835	-0.632002277789622	3.05564125818421	3.05538288662306	1412.55625215858
658	Plot05	CM30c46	-0.632077792775835	-0.631995644316734	3.05564125818421	3.0555756791829	622.532642309998
659	Plot05	CM30c51	-0.632077792775835	-0.632082163778414	3.05564125818421	3.05528422316045	1835.41593562153
660	Plot05	CM30c53	-0.632077792775835	-0.632071728280283	3.05564125818421	3.05547906124616	834.610524480559
661	Plot05	CM30c60	-0.632077792775835	-0.632158008980922	3.05564125818421	3.05538386575277	1418.26970949341
662	Plot05	CM30c62	-0.632077792775835	-0.63214505793974	3.05564125818421	3.05557806679331	537.726446642459
663	Plot05	CM30d12	-0.632077792775835	-0.6316718243049	3.05564125818421	3.05614667761032	3666.1704830992
664	Plot05	CM30d3	-0.632077792775835	-0.631594282293293	3.05564125818421	3.05604717813499	3720.76525176827
665	Plot05	CM31a5	-0.632077792775835	-0.632214390097078	3.05564125818421	3.05548980374771	1167.62601599643
666	Plot05	LB1	-0.632077792775835	-0.631794998124332	3.05564125818421	3.05564278883796	1801.70190704398
667	Plot05	LB5	-0.632077792775835	-0.631692756038619	3.05564125818421	3.05592190363727	2845.89167850469
668	Plot05	Plot01	-0.632077792775835	-0.632239483393866	3.05564125818421	3.05554503818255	1142.6958174258
669	Plot05	Plot02	-0.632077792775835	-0.632129024123501	3.05564125818421	3.05555423083172	553.743823628967
670	Plot05	Plot03	-0.632077792775835	-0.632101964538778	3.05564125818421	3.05561148810316	217.096410163488
671	Plot05	Plot04	-0.632077792775835	-0.632033692319895	3.05564125818421	3.05562753989629	289.677635547588
672	Plot05	Plot05	-0.632077792775835	-0.632077792775835	3.05564125818421	3.05564125818421	0
673	Plot05	Plot06	-0.632077792775835	-0.632045028582452	3.05564125818421	3.05565155737213	215.3492415051
674	Plot05	Plot07	-0.632077792775835	-0.632014787960635	3.05564125818421	3.05570230980145	509.517749351515
675	Plot05	Plot08	-0.632077792775835	-0.631984535645111	3.05564125818421	3.05570472010114	677.804704002376
676	Plot06	CM30b58	-0.632045028582452	-0.63214798450783	3.05565155737213	3.05523488270249	2239.92666672826
677	Plot06	CM30b60	-0.632045028582452	-0.631512483249108	3.05565155737213	3.05614133341215	4225.16965306017
678	Plot06	CM30c	-0.632045028582452	-0.631879321961813	3.05565155737213	3.05542450399908	1573.80278906089
679	Plot06	CM30c28	-0.632045028582452	-0.631844354988381	3.05565155737213	3.05538126870285	1888.15415982883
680	Plot06	CM30c30	-0.632045028582452	-0.631833155385104	3.05565155737213	3.0555743073541	1407.04658528606
681	Plot06	CM30c35	-0.632045028582452	-0.631923972720067	3.05565155737213	3.05527989125324	2060.33970937292
682	Plot06	CM30c37	-0.632045028582452	-0.631921129753248	3.05565155737213	3.05547238361645	1213.01466789475
683	Plot06	CM30c39	-0.632045028582452	-0.631917920965419	3.05565155737213	3.0556668063138	813.587633377292
684	Plot06	CM30c44	-0.632045028582452	-0.632002277789622	3.05565155737213	3.05538288662306	1407.65927152496
685	Plot06	CM30c46	-0.632045028582452	-0.631995644316734	3.05565155737213	3.0555756791829	501.120517611646
686	Plot06	CM30c51	-0.632045028582452	-0.632082163778414	3.05565155737213	3.05528422316045	1902.93103058247
687	Plot06	CM30c53	-0.632045028582452	-0.632071728280283	3.05565155737213	3.05547906124616	902.835159885361
688	Plot06	CM30c60	-0.632045028582452	-0.632158008980922	3.05565155737213	3.05538386575277	1552.84855157024
689	Plot06	CM30c62	-0.632045028582452	-0.63214505793974	3.05565155737213	3.05557806679331	740.828763605016
690	Plot06	CM30d12	-0.632045028582452	-0.6316718243049	3.05565155737213	3.05614667761032	3483.16056637481
691	Plot06	CM30d3	-0.632045028582452	-0.631594282293293	3.05565155737213	3.05604717813499	3519.02677021205
692	Plot06	CM31a5	-0.632045028582452	-0.632214390097078	3.05565155737213	3.05548980374771	1362.1591941272
693	Plot06	LB1	-0.632045028582452	-0.631794998124332	3.05565155737213	3.05564278883796	1593.58170352127
694	Plot06	LB5	-0.632045028582452	-0.631692756038619	3.05565155737213	3.05592190363727	2639.81680114068
695	Plot06	Plot01	-0.632045028582452	-0.632239483393866	3.05565155737213	3.05554503818255	1354.45774901818
696	Plot06	Plot02	-0.632045028582452	-0.632129024123501	3.05565155737213	3.05555423083172	732.555922391593
697	Plot06	Plot03	-0.632045028582452	-0.632101964538778	3.05565155737213	3.05561148810316	417.13298125299
698	Plot06	Plot04	-0.632045028582452	-0.632033692319895	3.05565155737213	3.05562753989629	143.030475372466
699	Plot06	Plot05	-0.632045028582452	-0.632077792775835	3.05565155737213	3.05564125818421	215.3492415051
700	Plot06	Plot06	-0.632045028582452	-0.632045028582452	3.05565155737213	3.05565155737213	0
701	Plot06	Plot07	-0.632045028582452	-0.632014787960635	3.05565155737213	3.05570230980145	324.313397271913
702	Plot06	Plot08	-0.632045028582452	-0.631984535645111	3.05565155737213	3.05570472010114	472.454639722424
703	Plot07	CM30b58	-0.632014787960635	-0.63214798450783	3.05570230980145	3.05523488270249	2548.08766383093
704	Plot07	CM30b60	-0.632014787960635	-0.631512483249108	3.05570230980145	3.05614133341215	3916.11278313942
705	Plot07	CM30c	-0.632014787960635	-0.631879321961813	3.05570230980145	3.05542450399908	1668.62784379497
706	Plot07	CM30c28	-0.632014787960635	-0.631844354988381	3.05570230980145	3.05538126870285	1975.53914367139
707	Plot07	CM30c30	-0.632014787960635	-0.631833155385104	3.05570230980145	3.0555743073541	1331.18872941012
708	Plot07	CM30c35	-0.632014787960635	-0.631923972720067	3.05570230980145	3.05527989125324	2247.22002442566
709	Plot07	CM30c37	-0.632014787960635	-0.631921129753248	3.05570230980145	3.05547238361645	1324.02555019592
710	Plot07	CM30c39	-0.632014787960635	-0.631917920965419	3.05570230980145	3.0556668063138	643.560660892427
711	Plot07	CM30c44	-0.632014787960635	-0.632002277789622	3.05570230980145	3.05538288662306	1643.89424985443
712	Plot07	CM30c46	-0.632014787960635	-0.631995644316734	3.05570230980145	3.0555756791829	662.260392894218
713	Plot07	CM30c51	-0.632014787960635	-0.632082163778414	3.05570230980145	3.05528422316045	2191.51693449602
714	Plot07	CM30c53	-0.632014787960635	-0.632071728280283	3.05570230980145	3.05547906124616	1203.53034967047
715	Plot07	CM30c60	-0.632014787960635	-0.632158008980922	3.05570230980145	3.05538386575277	1873.98307702622
716	Plot07	CM30c62	-0.632014787960635	-0.63214505793974	3.05570230980145	3.05557806679331	1047.21462584965
717	Plot07	CM30d12	-0.632014787960635	-0.6316718243049	3.05570230980145	3.05614667761032	3161.21299065789
718	Plot07	CM30d3	-0.632014787960635	-0.631594282293293	3.05570230980145	3.05604717813499	3212.61223724959
719	Plot07	CM31a5	-0.632014787960635	-0.632214390097078	3.05570230980145	3.05548980374771	1676.3675029023
720	Plot07	LB1	-0.632014787960635	-0.631794998124332	3.05570230980145	3.05564278883796	1433.32252953658
721	Plot07	LB5	-0.632014787960635	-0.631692756038619	3.05570230980145	3.05592190363727	2341.7528333057
722	Plot07	Plot01	-0.632014787960635	-0.632239483393866	3.05570230980145	3.05554503818255	1644.00423702596
723	Plot07	Plot02	-0.632014787960635	-0.632129024123501	3.05570230980145	3.05555423083172	1053.10895477798
724	Plot07	Plot03	-0.632014787960635	-0.632101964538778	3.05570230980145	3.05561148810316	725.543289177817
725	Plot07	Plot04	-0.632014787960635	-0.632033692319895	3.05570230980145	3.05562753989629	402.771344551261
726	Plot07	Plot05	-0.632014787960635	-0.632077792775835	3.05570230980145	3.05564125818421	509.517749351515
727	Plot07	Plot06	-0.632014787960635	-0.632045028582452	3.05570230980145	3.05565155737213	324.313397271913
728	Plot07	Plot07	-0.632014787960635	-0.632014787960635	3.05570230980145	3.05570230980145	0
729	Plot07	Plot08	-0.632014787960635	-0.631984535645111	3.05570230980145	3.05570472010114	193.135331110998
